110 114 112 119 113 114 117 115 116 117 110 118 114 115 116 117 118 117 119
221 227 224 228 221 220 224 227 225 226 228 224 229 225 228 224 229 220 223
331 330 332 338 334 337 335 336 337 335 334 338 332 339 338 330 332 337 339 
441 448 444 445 447 443 446 448 440 449 447 443 449 441 442 445 447 449 446
554 552 551 552 553 551 552 552 559 558 550 558 557 556 558 559 552 559 558
661 663 667 669 660 669 663 662 663 660 662 667 669 667 669 660 662 663 661
774 773 770 778 775 774 775 779 776 779 770 776 773 774 773 775 771 770 774
883 881 884 887 880 889 886 887 885 883 889 882 883 880 889 882 883 884 882
991 993 997 994 995 997 996 990 998 997 994 996 993 995 997 992 991 990 998 
001 003 004 007 004 007 004 007 006 005 007 005 006 007 008 003 009 002 004

12345 67890 34245 87986 12310 87934 56783 42356 38790 58698 23498 34213
34247 45678 86794 43582 34235 67897 77567 84793 07654 43546 87938 45673
23413 49487 45432 76978 48395 94670 05631 98376 45398 13245 67987 34567
38566 44556 34875 97665 76765 78945 23413 01048 38492 10438 49583 13567
01857 11046 44587 55469 36678 95743 34256 87980 34567 33567 55767 44567 
34983 13874 34238 43878 97568 56793 87495 67349 58739 34560 08097 87918
34287 45698 97809 08978 34245 67897 56738 42347 12345 67890 09856 45636 
44334 77678 44908 55467 77867 30897 13243 22347 33987 45980 97089 57649
93856 13487 66089 55487 33987 98043 98347 45623 94859 08137 13048 93875

38 3423 348 123984 13 87498 34 237 456 87 34983 13 23487 58706 587 38798 
76 58790 476 38 5678 24 38798 47596 5670 0087 598 32 3423 14837 47 93875
567948 34 857938 78 3476 587930 01189 8347 87 34 958709 4387 57 38 90 18
23 98 4789 5674 35 74 8 3879 432 3487 347 598 6890 2349 342 1324 879 089 7
5890 48 3 8798 378 56739 132 3423 88098 7783492 1239 587098 567893 47893
9807 969 103 29 8398 483 9288746 756890 3879 342 3485679 108 2938 4829 38
93 58 47 3879 83749 39 102938 34920 239 384792 3134 239880 123497 13 4789

% * + - =
% * + - =
% * + - =
% * + - =
